###
# RoG, CIP1,CIP2,CIP3 RoG (remove these lines before starting to cluster)
###
1 9.769195,1042.201400,1223.856157,1493.029852 9.769195
2 9.809101,1013.129662,1221.949693,1503.203445 9.809101
3 9.782105,1031.238780,1196.529882,1502.412205 9.782105
4 9.527776,1101.503652,1228.228038,1556.615956 9.527776
5 9.771672,1007.448341,1183.381050,1503.773968 9.771672
6 9.828243,1023.682389,1139.677004,1490.904844 9.828243
7 9.838431,1041.983628,1147.204205,1492.118404 9.838431
8 9.738679,1033.769061,1267.726493,1533.796123 9.738679
9 9.988430,970.645466,1205.125652,1453.902218 9.988430
10 10.170857,981.103795,1129.802307,1425.066861 10.170857
11 9.812804,1035.544791,1224.063483,1509.871183 9.812804
12 9.631900,1079.489187,1232.850985,1527.365084 9.631900
13 9.582957,1092.100229,1284.848990,1566.054191 9.582957
14 9.642467,1051.247470,1244.628176,1537.668206 9.642467
15 9.464007,1105.852626,1313.998260,1584.322166 9.464007
16 9.623953,1087.559657,1195.564247,1531.915471 9.623953
17 9.872400,1010.920855,1130.710078,1451.292912 9.872400
18 9.574622,1084.819590,1233.740930,1548.729795 9.574622
19 9.665905,1076.269278,1193.393882,1522.477876 9.665905
20 10.009453,996.608444,1211.995384,1462.935775 10.009453
21 9.906460,1044.927850,1159.280810,1491.523111 9.906460
22 9.775460,1059.839188,1272.160317,1534.285428 9.775460
23 9.822289,1026.375191,1187.720638,1477.357390 9.822289
24 10.067142,980.865356,1074.924682,1427.833720 10.067142
25 9.883687,1012.211498,1130.465418,1483.272608 9.883687
26 9.809514,1023.284383,1254.961680,1516.205406 9.809514
27 9.837328,1041.332933,1178.741233,1501.436153 9.837328
28 9.920820,1043.210303,1140.858751,1460.447024 9.920820
29 9.785924,1074.549297,1183.580817,1497.675118 9.785924
30 9.700010,1065.945551,1177.490805,1504.364845 9.700010
31 9.814785,1043.491496,1172.511483,1474.114908 9.814785
32 9.715104,1091.006565,1211.879561,1534.191853 9.715104
33 9.752554,1007.474241,1241.922214,1525.520447 9.752554
34 9.548813,1126.494320,1231.546316,1569.205153 9.548813
35 9.463040,1106.805611,1285.018038,1594.240876 9.463040
36 9.991475,998.357813,1184.424051,1467.957642 9.991475
37 9.995381,999.820651,1170.516121,1434.487464 9.995381
38 9.471081,1146.814238,1324.210313,1596.366720 9.471081
39 9.737492,1075.751020,1203.221657,1512.232163 9.737492
40 9.716360,1059.369487,1218.780559,1526.755048 9.716360
41 9.627707,1074.904070,1269.424854,1560.423854 9.627707
42 9.568571,1084.133779,1270.309761,1554.721535 9.568571
43 9.584677,1107.993027,1255.344263,1557.441124 9.584677
44 9.964876,1027.537228,1083.252459,1481.401272 9.964876
45 10.283305,962.409431,997.467652,1411.760615 10.283305
46 10.042590,987.077380,1083.588444,1437.329228 10.042590
47 10.026004,973.734707,1091.988986,1455.339639 10.026004
48 9.705037,1088.855810,1236.716485,1533.773648 9.705037
49 9.997651,962.865297,1105.817345,1440.147647 9.997651
50 9.939643,1004.715887,1108.831578,1482.254665 9.939643
51 10.188247,945.182092,1043.929915,1442.353454 10.188247
52 10.021254,987.767415,1096.370735,1466.682234 10.021254
53 10.059267,992.825173,1112.281353,1462.618914 10.059267
54 10.153999,985.833178,1059.534809,1427.328931 10.153999
55 10.191115,962.682122,1055.965718,1434.265395 10.191115
56 9.978657,980.568973,1151.353988,1456.199849 9.978657
57 10.019717,992.340662,1132.465339,1449.637829 10.019717
58 9.853101,1011.619373,1186.867994,1502.505746 9.853101
59 10.061559,975.268927,1164.513616,1435.509444 10.061559
60 9.552764,1120.125391,1286.580681,1571.955061 9.552764
61 9.488026,1134.916543,1299.169103,1595.198108 9.488026
62 9.487872,1113.466391,1267.250298,1569.408383 9.487872
63 9.729803,1097.212247,1145.269982,1532.927664 9.729803
64 9.733638,1074.588759,1171.973051,1510.955186 9.733638
65 9.795939,1065.538670,1156.621278,1505.694088 9.795939
66 9.773588,1034.915122,1199.319663,1502.156949 9.773588
67 9.660272,1077.959821,1220.085146,1536.816444 9.660272
68 9.990682,998.326274,1106.398993,1450.236363 9.990682
69 9.898767,1011.107117,1141.114029,1484.659469 9.898767
70 10.218246,953.480261,1074.568507,1438.412475 10.218246
71 10.260066,946.792309,1110.017282,1420.567263 10.260066
72 10.078000,998.669274,1063.167845,1453.708076 10.078000
73 10.109654,994.064625,1091.530409,1443.803472 10.109654
74 10.048623,1013.701336,1116.726700,1463.684559 10.048623
75 9.924840,1013.756505,1139.300973,1481.789645 9.924840
76 10.017994,980.323847,1099.270596,1460.263978 10.017994
77 10.155656,943.858862,1052.626592,1418.630656 10.155656
78 10.128623,975.366673,1062.425737,1415.887945 10.128623
79 10.118199,959.614287,1085.091261,1411.093840 10.118199
80 9.809260,1030.352153,1274.027448,1525.773044 9.809260
81 9.681526,1064.282759,1234.217633,1524.824959 9.681526
82 9.367407,1139.395449,1337.936017,1630.882472 9.367407
83 9.514773,1115.434201,1249.595102,1573.754822 9.514773
84 9.467279,1128.382443,1288.625777,1587.121500 9.467279
85 9.589217,1106.575415,1250.028858,1571.236003 9.589217
86 9.686671,1080.456217,1198.380727,1543.942033 9.686671
87 9.754712,1107.015919,1222.236636,1547.137104 9.754712
88 9.750008,1074.176329,1157.845401,1485.358345 9.750008
89 9.842531,1033.630022,1152.561164,1480.561774 9.842531
90 9.687121,1050.431931,1219.809391,1521.707187 9.687121
91 9.735796,1036.231338,1205.259186,1517.769720 9.735796
92 9.696173,1051.062655,1250.443822,1512.523957 9.696173
93 9.740323,1052.995487,1215.843024,1499.457142 9.740323
94 9.622377,1078.307527,1236.993052,1511.560377 9.622377
95 9.622446,1088.852490,1256.832378,1519.774603 9.622446
96 9.696718,1076.343289,1152.217147,1502.503111 9.696718
97 9.757723,1065.278464,1112.611509,1478.251233 9.757723
98 9.613235,1110.470504,1196.699369,1515.992094 9.613235
99 9.485738,1110.803082,1249.926122,1568.343968 9.485738
100 9.439576,1130.704010,1210.463371,1548.788016 9.439576
101 9.526266,1131.841649,1249.557938,1571.013282 9.526266
102 9.585651,1091.697529,1222.293241,1552.268703 9.585651
103 9.497315,1138.045298,1205.615817,1556.535226 9.497315
104 9.481092,1139.129817,1282.535720,1585.125091 9.481092
105 9.538819,1168.080675,1265.727336,1582.662945 9.538819
106 10.064317,948.661032,1117.529842,1421.765516 10.064317
107 9.985093,954.843353,1153.185245,1426.296262 9.985093
108 9.715606,1108.422542,1219.387375,1579.907166 9.715606
109 9.567747,1114.292904,1253.895995,1608.062337 9.567747
110 9.357108,1145.272688,1320.839651,1654.244112 9.357108
111 9.289880,1190.549610,1312.762537,1668.475374 9.289880
112 9.364992,1152.797841,1251.892670,1630.816751 9.364992
113 9.352965,1149.354415,1260.732677,1625.277303 9.352965
114 9.466863,1108.275708,1247.827428,1620.599506 9.466863
115 9.316477,1179.864785,1286.119755,1647.087477 9.316477
116 9.408117,1134.714092,1239.015226,1624.951837 9.408117
117 9.390031,1176.283449,1287.511043,1636.638748 9.390031
118 9.438487,1163.648546,1244.618913,1614.150780 9.438487
119 9.415366,1170.199857,1303.701826,1637.209954 9.415366
120 9.367132,1161.928746,1303.712036,1641.681145 9.367132
121 9.428394,1114.736808,1252.491096,1611.837619 9.428394
122 9.542152,1079.290599,1215.038831,1578.884203 9.542152
123 9.519315,1076.687282,1253.861744,1568.449880 9.519315
124 9.760713,1016.126696,1143.223534,1504.053342 9.760713
125 9.802687,1015.437456,1176.888363,1476.994298 9.802687
126 9.355241,1121.124774,1310.190602,1623.354135 9.355241
127 9.434934,1140.362192,1276.412672,1615.966090 9.434934
128 9.344847,1165.319150,1329.038048,1648.592803 9.344847
129 9.191862,1208.589919,1355.478395,1677.955900 9.191862
130 9.315036,1173.312522,1340.941509,1648.534959 9.315036
131 9.496600,1109.399217,1273.484343,1596.374666 9.496600
132 9.507480,1165.549325,1277.850071,1596.554705 9.507480
133 9.721381,1090.437512,1189.463757,1527.454190 9.721381
134 9.423946,1189.211457,1222.234405,1581.131304 9.423946
135 9.440480,1147.658854,1262.604804,1588.473254 9.440480
136 9.930124,973.320163,1147.981004,1458.454223 9.930124
137 10.094151,971.211122,1073.803423,1421.680973 10.094151
138 10.248018,936.584545,1032.806010,1391.407788 10.248018
139 10.200838,881.818443,1107.018516,1397.189729 10.200838
140 10.169129,949.136440,1088.431698,1399.019027 10.169129
141 10.156220,922.764984,1066.926008,1393.343922 10.156220
142 10.275604,875.504426,1108.186542,1353.839324 10.275604
143 10.264334,880.430020,1139.225930,1387.727125 10.264334
144 10.371729,874.515605,1089.494905,1337.874974 10.371729
145 10.429604,830.724266,1056.291233,1309.793866 10.429604
146 10.338601,859.137431,1076.482304,1336.664862 10.338601
147 10.338843,878.531226,1061.334250,1333.453994 10.338843
148 10.115432,916.214910,1134.055965,1400.971041 10.115432
149 10.004616,956.698155,1143.163655,1416.420964 10.004616
150 10.088322,946.409621,1108.446429,1411.663525 10.088322
151 10.031913,966.160432,1128.329695,1411.266083 10.031913
152 9.835449,1042.789536,1112.873404,1441.855892 9.835449
153 9.838373,1104.161376,1156.227220,1517.169187 9.838373
154 9.761137,1066.775009,1141.650811,1498.791490 9.761137
155 9.600502,1122.410349,1203.327135,1540.166764 9.600502
156 9.804438,1029.662661,1149.889282,1480.270467 9.804438
157 9.814760,991.897025,1137.902563,1468.357633 9.814760
158 9.964238,958.407813,1120.572757,1445.537421 9.964238
159 9.865294,1011.552353,1149.737709,1484.586573 9.865294
160 9.834001,991.378538,1107.454808,1471.604404 9.834001
161 9.600942,1056.592127,1154.772683,1525.751121 9.600942
162 10.118631,967.465857,1069.116853,1409.920661 10.118631
163 10.068343,965.371881,1081.181423,1413.977832 10.068343
164 9.480380,1126.060278,1264.710302,1574.871574 9.480380
165 9.497022,1113.424046,1300.469076,1572.038999 9.497022
166 10.054055,975.921547,1079.964494,1430.343959 10.054055
167 10.209553,938.416981,1035.803378,1390.952987 10.209553
168 9.631264,1078.524450,1171.722631,1501.944515 9.631264
169 9.585728,1077.299207,1220.055181,1521.377402 9.585728
170 9.467018,1141.245386,1237.958875,1552.620734 9.467018
171 9.665064,1082.757564,1170.356635,1518.891289 9.665064
172 9.921243,969.398765,1162.868245,1447.167799 9.921243
173 9.796196,990.887536,1168.234289,1470.167540 9.796196
174 9.740525,1037.317442,1096.163535,1494.478371 9.740525
175 9.817970,1017.327090,1159.634995,1491.208860 9.817970
176 9.785618,1035.825435,1171.174003,1490.869808 9.785618
177 9.630146,1076.736606,1185.616178,1538.245280 9.630146
178 9.655779,1068.587291,1167.760044,1509.833703 9.655779
179 9.914065,991.544816,1157.356464,1478.427996 9.914065
180 9.846498,1045.043141,1129.515796,1481.120595 9.846498
181 10.091567,967.101597,1046.479051,1431.591480 10.091567
182 10.147016,999.105017,1050.142843,1430.231589 10.147016
183 10.195579,962.500051,1072.040812,1434.757953 10.195579
184 10.357799,888.251693,995.173795,1354.981415 10.357799
185 10.086802,931.726713,1036.688232,1422.257427 10.086802
186 10.246315,918.633716,1037.504274,1384.921591 10.246315
187 10.321906,895.417746,1020.656698,1355.570383 10.321906
188 10.183178,941.920947,1053.412830,1411.237222 10.183178
189 10.063258,968.893142,1094.898885,1433.671071 10.063258
190 9.882793,988.949821,1103.326644,1450.394767 9.882793
191 10.026809,951.177989,1076.952393,1401.366751 10.026809
192 9.463342,1176.108022,1280.659431,1596.342560 9.463342
193 9.463602,1183.814607,1252.770298,1600.100260 9.463602
194 9.314886,1207.595299,1280.302584,1630.709407 9.314886
195 9.515017,1150.727537,1237.951391,1582.987642 9.515017
196 9.688230,1033.906502,1220.667768,1530.331479 9.688230
197 9.640600,1074.761920,1198.741002,1537.434491 9.640600
198 9.655587,1039.673990,1174.312541,1536.776199 9.655587
199 9.775706,1048.392629,1163.851024,1510.890693 9.775706
200 9.647888,1106.666074,1170.348931,1536.286298 9.647888
201 9.712760,1100.655091,1172.155083,1514.027944 9.712760
202 9.801236,1022.883431,1122.021158,1489.828773 9.801236
203 9.972046,968.563896,1080.191236,1437.303152 9.972046
204 10.005606,980.858395,1076.147774,1416.733991 10.005606
205 10.023603,984.592227,1045.102410,1416.771859 10.023603
206 9.823367,1036.069798,1152.168825,1504.721196 9.823367
207 9.841002,1047.674825,1118.313279,1481.430993 9.841002
208 9.888165,1014.972869,1116.927023,1461.959093 9.888165
209 9.877802,1021.920320,1125.535783,1470.487425 9.877802
210 10.057493,1002.935211,1099.619711,1435.055184 10.057493
211 10.005068,1007.464709,1098.827712,1454.256850 10.005068
212 9.870014,1012.457630,1168.017611,1499.287822 9.870014
213 9.908095,1006.159273,1186.901899,1465.885496 9.908095
214 9.820665,1046.417841,1215.519295,1494.011099 9.820665
215 9.752611,1044.564446,1221.288922,1506.854665 9.752611
216 9.797307,1025.207824,1181.051401,1494.801190 9.797307
217 9.618031,1101.050593,1227.478455,1537.800260 9.618031
218 9.816473,1053.332712,1146.461274,1482.775067 9.816473
219 9.891297,1015.700550,1129.585282,1465.739018 9.891297
220 9.770461,1042.603400,1123.318088,1474.530319 9.770461
221 9.650061,1071.552564,1195.248930,1492.851067 9.650061
222 9.632789,1047.200388,1185.175540,1495.468264 9.632789
223 9.512102,1077.203907,1238.807938,1518.583237 9.512102
224 9.699224,1022.772364,1200.242986,1482.589543 9.699224
225 9.857450,983.968063,1151.690297,1435.083029 9.857450
226 9.846600,1066.448724,1165.998711,1507.167933 9.846600
227 9.942742,1042.163088,1126.899820,1457.585998 9.942742
228 9.758204,1099.657311,1183.301927,1526.661799 9.758204
229 9.803205,1062.730367,1155.059832,1507.713438 9.803205
230 9.796079,1061.210878,1206.330957,1515.138865 9.796079
231 9.741392,1086.877280,1149.841612,1512.592492 9.741392
232 9.742535,1082.001798,1197.666746,1521.781019 9.742535
233 9.458186,1159.717967,1249.249422,1579.568231 9.458186
234 9.390081,1166.452563,1280.859001,1606.594802 9.390081
235 9.358525,1198.730069,1285.318288,1625.065589 9.358525
236 9.466271,1115.270167,1224.333663,1604.958484 9.466271
237 9.432417,1104.109378,1237.048665,1618.702694 9.432417
238 9.433918,1109.205232,1266.064397,1625.065020 9.433918
239 9.240174,1166.454661,1310.906723,1659.308704 9.240174
240 9.355913,1124.350646,1297.840098,1644.461806 9.355913
241 9.387930,1092.153549,1266.248419,1620.201475 9.387930
242 9.430055,1116.540237,1247.346323,1604.339094 9.430055
243 9.399668,1129.281082,1258.834960,1614.801393 9.399668
244 9.402632,1091.721482,1277.880841,1616.140350 9.402632
245 9.470633,1085.312050,1214.241356,1575.655491 9.470633
246 9.451920,1094.983790,1202.750384,1553.188353 9.451920
247 9.414044,1079.262700,1256.832992,1604.679708 9.414044
248 9.939826,986.138978,1073.287699,1435.641111 9.939826
249 9.862728,1014.511094,1120.391108,1441.429471 9.862728
250 9.896372,1004.122128,1111.406849,1453.134758 9.896372
251 9.835568,1013.112168,1167.242216,1472.949778 9.835568
252 9.864533,1077.861576,1140.819211,1502.413232 9.864533
253 9.708646,1054.770538,1137.904880,1522.146648 9.708646
254 9.677273,1073.308263,1177.339458,1483.763904 9.677273
255 9.915651,1025.437275,1109.589177,1438.214130 9.915651
256 9.972523,991.225378,1104.004750,1454.163506 9.972523
257 10.062896,962.779743,1114.634117,1437.842090 10.062896
258 10.006671,990.469416,1067.844044,1418.769620 10.006671
259 10.176861,934.080167,1034.908610,1404.184922 10.176861
260 10.531056,827.879328,942.084893,1333.657131 10.531056
261 10.216670,917.427111,1072.593549,1393.899404 10.216670
262 9.666889,1111.198928,1149.933466,1518.361306 9.666889
263 9.694086,1070.130255,1155.889321,1502.716384 9.694086
264 9.572092,1100.033121,1184.099907,1546.341145 9.572092
265 9.276196,1179.869723,1314.570343,1611.238681 9.276196
266 9.324682,1179.566640,1307.092696,1601.396453 9.324682
267 9.189913,1200.069788,1272.288485,1647.086788 9.189913
268 9.500955,1117.508382,1225.707264,1574.640520 9.500955
269 9.622955,1051.353435,1170.205535,1512.718460 9.622955
270 9.415440,1131.995745,1275.077662,1576.162170 9.415440
271 9.340384,1163.231164,1266.730140,1590.172420 9.340384
272 9.430403,1111.700321,1256.315785,1561.056061 9.430403
273 9.504734,1091.478491,1270.189525,1567.713326 9.504734
274 9.985248,990.884634,1098.019993,1416.482369 9.985248
275 9.950025,960.537154,1109.234416,1427.296293 9.950025
276 10.191243,920.963650,1104.074046,1415.255408 10.191243
277 10.303966,885.463519,1072.812042,1390.422950 10.303966
278 10.340249,893.051063,1013.250529,1348.340029 10.340249
279 10.284473,863.710236,1044.203399,1374.384423 10.284473
280 10.195541,908.105305,1039.681180,1384.407032 10.195541
281 10.254926,915.006480,1058.871767,1375.602845 10.254926
282 10.286639,871.670336,1083.797353,1368.901631 10.286639
283 10.314183,873.242623,1065.329564,1362.721757 10.314183
284 10.276071,865.732566,1121.832001,1384.838923 10.276071
285 10.465506,813.984174,1055.638185,1335.235879 10.465506
286 10.393212,833.417528,1086.247970,1363.535815 10.393212
287 10.414247,834.522402,1072.412670,1363.408892 10.414247
288 10.179832,927.450112,1110.849318,1417.112394 10.179832
289 10.144547,926.251517,1122.313089,1436.735454 10.144547
290 9.541499,1125.819293,1302.760911,1548.279723 9.541499
291 9.738843,1066.510610,1209.305685,1489.790641 9.738843
292 10.106945,950.359032,983.741853,1411.905476 10.106945
293 10.236224,896.735457,1013.355247,1368.648025 10.236224
294 9.695983,1045.701924,1286.853122,1507.825516 9.695983
295 10.030996,982.538163,1188.139508,1453.923185 10.030996
296 10.043917,952.612009,1066.260441,1414.488144 10.043917
297 10.172845,982.530833,1049.224702,1395.932346 10.172845
298 10.179420,947.536200,1076.064598,1387.412042 10.179420
299 10.094102,918.203055,1075.111899,1406.443769 10.094102
300 10.129288,886.654805,1103.803491,1411.291220 10.129288
301 10.227065,866.412395,1092.218386,1399.031820 10.227065
302 10.438713,803.925219,1037.769710,1351.181985 10.438713
303 10.385232,829.935995,1069.486034,1354.683062 10.385232
304 10.495649,780.900530,1048.726841,1327.354143 10.495649
305 10.257113,844.864938,1085.773106,1377.108637 10.257113
306 10.384395,798.561724,1096.981243,1376.149961 10.384395
307 10.169865,867.122648,1142.666905,1407.839552 10.169865
308 9.805610,1040.679708,1119.242873,1450.173868 9.805610
309 9.830360,1031.834811,1103.475305,1457.747331 9.830360
310 9.924522,1025.976453,1107.180420,1448.880089 9.924522
311 10.124399,995.166155,991.764517,1381.650160 10.124399
312 9.321107,1109.657316,1276.117922,1568.530668 9.321107
313 9.177494,1201.619375,1291.726457,1635.405159 9.177494
314 9.291978,1139.693500,1265.692602,1595.465694 9.291978
315 9.470796,1050.459578,1255.487539,1540.686214 9.470796
316 10.481440,868.996667,916.596652,1344.553757 10.481440
317 10.463393,904.303717,946.047387,1372.987045 10.463393
318 10.534127,918.338038,955.684858,1374.512001 10.534127
319 10.405640,883.747532,931.122446,1379.363753 10.405640
320 10.525070,898.160947,944.663002,1367.140933 10.525070
321 10.382185,967.038978,991.002206,1431.215273 10.382185
322 10.192435,976.283959,1001.431093,1418.072628 10.192435
323 10.411276,916.232581,982.702375,1391.567344 10.411276
324 10.369328,920.827563,997.850852,1369.609986 10.369328
325 10.281437,913.280014,974.679788,1396.394047 10.281437
326 10.527489,899.406585,961.622655,1369.370773 10.527489
327 10.413117,925.635262,1013.768152,1393.629561 10.413117
328 10.467471,900.196822,1000.963828,1399.782655 10.467471
329 10.318093,935.862511,966.798170,1384.889644 10.318093
330 10.418331,897.678670,939.918191,1366.682248 10.418331
331 10.508812,904.028065,923.695910,1344.294718 10.508812
332 10.535158,887.198982,951.534547,1351.669503 10.535158
333 10.456480,894.532791,966.403480,1378.539864 10.456480
334 10.306341,904.653716,952.643753,1390.720137 10.306341
335 10.574935,865.270831,860.770435,1320.274875 10.574935
336 10.479011,862.825105,937.301872,1374.885331 10.479011
337 10.460702,831.462316,957.435374,1359.001900 10.460702
338 10.193250,933.136380,971.959603,1427.911005 10.193250
339 10.514130,853.289142,912.559215,1356.808307 10.514130
340 10.383908,876.222755,956.165790,1374.079686 10.383908
341 10.587523,874.906224,924.781980,1344.840192 10.587523
342 10.602042,855.812652,914.320687,1318.949011 10.602042
343 10.571967,883.046636,944.397885,1342.875766 10.571967
344 10.416752,885.894475,963.429659,1348.585240 10.416752
345 10.404421,900.039839,994.060803,1388.438332 10.404421
346 9.279097,1152.701859,1330.241684,1618.354860 9.279097
347 9.435098,1104.903031,1296.673847,1584.406077 9.435098
348 9.984689,951.794634,1113.015590,1455.721704 9.984689
349 9.927186,950.244595,1116.332170,1461.174813 9.927186
350 10.567889,876.292886,925.426847,1324.873226 10.567889
351 10.385622,904.060534,923.752945,1367.264662 10.385622
352 9.940606,956.067479,1096.920776,1449.342468 9.940606
353 9.989207,943.426103,1147.098981,1448.188059 9.989207
354 10.154540,916.302900,1059.852243,1395.789068 10.154540
355 9.948122,987.321246,1157.095171,1439.951894 9.948122
356 10.530539,842.412316,903.288365,1313.795840 10.530539
357 10.631051,803.484658,939.943523,1308.700346 10.631051
358 10.608374,830.701861,949.909740,1331.853024 10.608374
359 10.571023,851.361631,911.105851,1338.788026 10.571023
360 10.534405,838.496216,846.874910,1317.707072 10.534405
361 10.582990,846.915786,949.343725,1340.831824 10.582990
362 10.587774,867.878311,914.733655,1323.549060 10.587774
363 10.449705,839.681026,929.021849,1335.703126 10.449705
364 9.585834,1115.650431,1262.001210,1563.418811 9.585834
365 9.543402,1155.348847,1285.878318,1590.705613 9.543402
366 10.281093,868.469466,1054.332453,1346.019594 10.281093
367 10.345089,848.934708,1066.984354,1364.436919 10.345089
368 10.325164,844.874085,1113.942222,1373.785795 10.325164
369 10.178852,894.312265,1117.672541,1411.788741 10.178852
370 9.595906,1100.406765,1242.447481,1553.998806 9.595906
371 9.774228,1020.623037,1165.710069,1487.790011 9.774228
372 9.782566,1057.744276,1150.235372,1489.906918 9.782566
373 9.768185,1045.313918,1118.062698,1482.203919 9.768185
374 9.655593,1092.072187,1236.586461,1557.989453 9.655593
375 9.851084,997.459467,1121.470126,1466.066981 9.851084
376 9.552520,1054.625885,1293.697657,1555.040098 9.552520
377 9.421634,1077.164096,1324.951513,1583.084356 9.421634
378 9.473282,1089.039201,1279.008487,1590.448357 9.473282
379 9.547175,1065.417998,1270.556700,1560.347846 9.547175
380 10.283819,952.967687,1014.394658,1402.854355 10.283819
381 10.292115,905.236010,981.997817,1385.747021 10.292115
382 10.352599,823.848123,1046.987617,1349.865869 10.352599
383 10.258946,847.703615,1095.068892,1381.823598 10.258946
384 10.446881,859.191026,942.316730,1348.600768 10.446881
385 10.499127,847.712524,939.365581,1332.095849 10.499127
386 10.525040,849.046691,939.001463,1335.083496 10.525040
387 10.504504,866.406943,922.920801,1325.653238 10.504504
388 10.518483,857.778987,927.273995,1349.294955 10.518483
389 10.610532,822.478857,892.259992,1307.075474 10.610532
390 10.563151,786.932901,894.828789,1328.799708 10.563151
391 10.502028,843.326228,906.044624,1333.111854 10.502028
392 10.150726,876.988519,1152.332845,1425.306636 10.150726
393 10.394052,829.719561,1070.491210,1367.368067 10.394052
394 10.371432,840.566776,1067.665295,1351.708977 10.371432
395 10.104212,871.729050,1134.656232,1415.695909 10.104212
396 9.434594,1163.867830,1219.090341,1569.933617 9.434594
397 9.647062,1041.962747,1262.242907,1533.958867 9.647062
398 10.465315,857.015720,942.929787,1358.116168 10.465315
399 10.371160,899.868739,950.382099,1388.155990 10.371160
400 9.380802,1161.819368,1276.396612,1584.754338 9.380802
401 9.479509,1148.160461,1240.017011,1573.870030 9.479509
402 9.375032,1184.573368,1290.622520,1599.800479 9.375032
403 9.679949,1076.831163,1229.700627,1537.198258 9.679949
404 9.629514,1039.602411,1244.291385,1499.444727 9.629514
405 9.771684,1024.200268,1186.058263,1454.227490 9.771684
406 9.707736,1026.204058,1180.746457,1486.423176 9.707736
407 9.670039,1022.353188,1191.427462,1494.113703 9.670039
408 10.509460,792.984222,902.859174,1321.760464 10.509460
409 10.459486,818.324433,903.616882,1359.145127 10.459486
410 9.979957,979.082069,1144.300498,1465.759162 9.979957
411 9.932768,991.685888,1088.782099,1473.289862 9.932768
412 10.540847,811.436748,906.553369,1325.652459 10.540847
413 10.380010,887.540034,919.323384,1376.668226 10.380010
414 10.326320,908.006651,899.373666,1392.899107 10.326320
415 10.227820,875.452744,965.448852,1407.766207 10.227820
416 10.183268,965.742599,979.901385,1420.948781 10.183268
417 10.357706,952.678537,977.817358,1394.525986 10.357706
418 9.405641,1197.625854,1340.266273,1640.316093 9.405641
419 9.521306,1143.717598,1225.032664,1592.391122 9.521306
420 9.943664,967.090291,1175.020662,1449.866171 9.943664
421 10.069854,911.356711,1179.500135,1420.428885 10.069854
422 9.744888,1017.973790,1253.810663,1508.604377 9.744888
423 9.868660,956.303586,1138.323848,1471.755812 9.868660
424 9.983751,963.684130,1168.901468,1456.793778 9.983751
425 9.857222,966.629436,1231.105721,1487.160308 9.857222
426 9.732336,1029.251330,1266.691264,1525.889014 9.732336
427 9.774335,1016.657796,1238.746954,1513.080203 9.774335
428 9.220520,1220.348281,1286.894451,1649.594917 9.220520
429 9.267505,1193.422538,1298.507489,1633.153408 9.267505
430 9.218288,1247.006547,1330.387658,1663.056034 9.218288
431 9.233943,1202.449444,1312.953459,1631.196007 9.233943
432 9.242750,1214.466017,1307.374802,1636.129874 9.242750
433 9.296305,1162.160144,1283.728260,1621.633476 9.296305
434 10.311701,844.252546,976.391110,1359.079650 10.311701
435 10.364740,822.521704,921.546040,1356.484309 10.364740
436 9.202538,1195.455340,1336.062644,1649.245226 9.202538
437 9.176040,1226.927945,1320.448027,1667.004537 9.176040
438 9.211223,1238.426099,1386.054319,1669.148957 9.211223
439 9.183050,1261.826351,1361.789544,1695.430494 9.183050
440 9.185337,1265.951361,1370.902751,1696.510911 9.185337
441 9.290862,1231.054650,1321.031313,1661.900965 9.290862
442 9.149732,1256.365623,1357.206262,1699.717820 9.149732
443 9.218790,1259.436054,1316.538175,1673.097596 9.218790
444 9.466772,1103.453651,1303.534230,1580.445831 9.466772
445 9.265981,1159.089999,1351.347298,1608.265411 9.265981
446 9.324190,1139.654966,1277.510102,1586.105774 9.324190
447 9.305353,1149.761980,1294.001180,1600.597272 9.305353
448 9.157387,1243.580161,1345.073853,1692.643002 9.157387
449 9.197576,1234.283618,1277.596274,1662.090657 9.197576
450 9.327828,1180.827047,1259.551805,1623.637364 9.327828
451 9.155379,1245.769364,1334.083426,1683.225126 9.155379
452 9.291431,1178.481825,1326.609877,1644.821312 9.291431
453 9.263176,1202.203578,1341.103444,1664.852487 9.263176
454 9.191456,1237.488120,1309.630754,1654.895073 9.191456
455 9.193737,1204.244327,1316.009709,1662.171949 9.193737
456 9.417169,1143.635000,1259.609782,1608.153649 9.417169
457 9.199223,1200.519782,1272.111873,1649.315221 9.199223
458 9.183858,1234.773842,1311.974098,1669.684346 9.183858
459 9.278471,1188.913214,1306.829617,1644.595493 9.278471
460 9.160416,1206.768421,1345.841018,1671.205567 9.160416
461 9.294252,1196.306224,1320.625238,1647.675984 9.294252
462 9.208723,1220.479234,1323.115485,1654.491954 9.208723
463 9.346211,1189.993700,1288.220564,1621.927805 9.346211
464 9.812749,1019.403293,1153.238478,1436.789478 9.812749
465 9.822137,1025.338282,1152.261501,1459.781902 9.822137
466 10.376534,883.491693,927.070657,1335.414798 10.376534
467 10.008259,969.729431,1013.739830,1419.553236 10.008259
468 9.190022,1192.332905,1342.179392,1659.894102 9.190022
469 9.180264,1224.866774,1326.817292,1657.102633 9.180264
470 9.230790,1192.832177,1300.100914,1639.621673 9.230790
471 9.315930,1145.329452,1302.096301,1635.422816 9.315930
472 9.336532,1171.407802,1270.455298,1604.444793 9.336532
473 9.328204,1159.654478,1295.791799,1619.318646 9.328204
474 9.823860,1019.961135,1226.186634,1459.126276 9.823860
475 9.854108,1009.794520,1255.040328,1476.657107 9.854108
476 9.269360,1147.304875,1322.620369,1623.447687 9.269360
477 9.308484,1158.474180,1302.713156,1628.978371 9.308484
478 9.260278,1149.776447,1327.894998,1616.958601 9.260278
479 9.482234,1057.631240,1254.212834,1582.371004 9.482234
480 9.227807,1164.023713,1293.946850,1640.477134 9.227807
481 9.659166,1041.936885,1174.718223,1528.100723 9.659166
482 9.250721,1187.350226,1282.843214,1621.911190 9.250721
483 9.268296,1179.083497,1299.532264,1640.498227 9.268296
484 9.326385,1144.101808,1338.265617,1604.364168 9.326385
485 9.395233,1092.297167,1262.178490,1606.936326 9.395233
486 10.415945,876.324384,994.169800,1347.685542 10.415945
487 10.451469,840.906190,956.861661,1327.059141 10.451469
488 10.256367,904.847906,971.042586,1385.589563 10.256367
489 10.382265,883.845521,999.405333,1340.196931 10.382265
490 10.618708,826.054076,963.070869,1294.938159 10.618708
491 10.587263,810.263897,956.421769,1289.936138 10.587263
492 10.621171,823.140627,955.638177,1289.965468 10.621171
493 10.526107,859.055097,912.236886,1311.651373 10.526107
494 10.515337,858.387600,942.039617,1337.345255 10.515337
495 10.543781,873.537209,932.563387,1339.868232 10.543781
496 10.201856,922.949122,1009.121085,1399.939587 10.201856
497 10.587890,841.609821,909.381243,1297.887406 10.587890
498 10.214030,930.186287,1007.889708,1380.685157 10.214030
499 10.073860,982.596961,1040.487662,1395.306246 10.073860
500 9.631893,1079.875433,1174.483639,1581.731137 9.631893
